1000
1 10378
3
3
3
2 1
1 10161
1 10635
3
1 10683
2 4
2 2
2 3
1 10625
3
2 5
1 10834
2 6
1 10601
1 10718
3
3
1 10658
1 10046
3
1 10417
1 10148
2 7
3
3
3
1 10941
3
2 10
3
1 10233
3
1 10982
1 10092
1 10909
3
2 16
2 9
1 10329
1 10511
3
1 10682
1 10252
2 12
3
3
2 21
3
3
2 14
1 10172
3
2 22
3
2 20
2 18
3
3
1 10294
1 10856
3
2 11
3
3
1 10725
3
1 10157
3
3
3
3
2 8
2 26
2 23
2 19
3
1 10650
2 24
2 27
3
1 10268
3
3
2 28
3
3
3
1 10992
3
2 25
3
1 10066
3
1 10139
3
1 10696
3
1 10706
1 10621
2 30
3
1 10807
3
1 10523
3
2 31
3
3
1 10400
3
1 10939
1 10733
1 10573
1 10767
3
1 10903
3
3
3
3
3
1 10130
3
1 10145
1 10580
1 10405
3
1 10889
1 10351
2 38
1 10089
1 10403
1 10265
1 10193
1 10124
3
1 10731
1 10016
1 10849
1 10409
1 10481
3
3
2 42
1 10205
1 10693
3
1 10436
1 10382
2 15
3
1 10550
2 55
1 10272
1 10781
1 10655
3
3
2 49
2 54
1 10128
1 10512
3
3
3
1 10090
2 69
1 10370
1 10389
3
1 10572
1 10223
2 70
3
3
2 50
3
1 10201
1 10716
1 10803
2 32
3
2 53
1 10319
3
3
1 10471
3
3
1 10904
1 10304
3
3
3
3
2 67
3
3
2 43
1 10032
3
3
1 10288
3
2 48
3
1 10854
1 10133
2 81
1 10869
3
1 10764
1 10095
1 10688
2 87
2 66
2 57
3
1 10591
1 10314
3
1 10429
1 10144
2 84
1 10325
1 10326
3
1 10788
1 10368
3
1 10832
2 92
2 44
2 93
3
3
1 10069
1 10206
2 98
1 10541
1 10049
2 95
1 10081
1 10343
3
1 10414
1 10385
1 10091
1 10369
1 10038
1 10142
1 10900
1 10129
2 37
3
1 10437
2 108
1 10858
3
3
3
3
2 101
1 10790
3
3
3
1 10624
2 109
1 10537
1 10680
1 10360
3
3
1 10689
1 10200
2 102
2 68
1 10623
1 10639
1 10766
2 106
2 111
2 99
2 52
3
1 10122
3
1 10744
3
1 10156
1 10787
1 10686
1 10051
1 10324
3
3
1 10739
3
1 10235
1 10957
1 10899
3
3
3
3
3
1 10364
3
3
1 10961
2 129
1 10088
2 137
3
3
3
1 10350
1 10473
1 10030
1 10870
2 34
2 112
2 62
2 140
2 124
1 10751
2 126
2 135
2 120
3
1 10109
2 143
2 41
2 17
3
2 64
3
3
3
1 10883
3
2 74
3
2 59
2 119
1 10285
2 142
1 10864
1 10723
2 73
2 141
2 132
3
2 107
1 10927
3
3
1 10894
1 10108
3
3
1 10398
1 10440
1 10099
3
2 125
2 153
1 10076
2 89
3
3
3
1 10714
1 10483
1 10969
3
2 113
3
3
3
3
2 154
2 36
3
2 116
3
3
1 10186
2 131
2 150
3
1 10905
1 10804
1 10643
2 158
1 10204
3
2 162
2 51
2 145
1 10761
3
2 163
1 10828
1 10887
1 10836
3
3
3
3
1 10396
2 33
2 82
1 10891
1 10118
1 10975
1 10910
3
3
2 171
3
1 10293
2 76
3
1 10631
1 10505
2 169
1 10080
2 175
3
2 121
3
3
3
3
3
3
3
1 10694
2 96
1 10333
1 10055
3
1 10136
1 10102
1 10495
1 10039
3
3
1 10037
1 10316
1 10752
3
1 10380
3
3
1 10794
3
1 10238
3
2 183
2 179
3
3
3
1 10152
2 46
1 10073
1 10047
1 10970
2 148
1 10532
1 10460
2 182
3
2 117
3
1 10054
3
3
1 10431
1 10362
1 10711
3
1 10911
1 10966
3
2 191
1 10923
1 10783
3
1 10327
2 195
1 10977
1 10985
1 231
1 936
3
1 985
1 487
2 200
1 484
2 206
1 968
2 210
3
2 155
2 58
3
3
3
2 209
2 100
1 89
1 598
2 45
1 73
1 574
1 624
1 302
2 176
3
3
3
1 588
1 983
1 58
1 110
1 459
1 348
2 133
2 61
1 188
1 765
3
3
3
3
2 215
3
1 954
3
3
3
3
3
2 220
3
3
3
1 656
3
3
1 700
1 407
3
1 111
3
2 228
3
3
3
3
1 450
1 354
2 197
2 214
3
1 160
1 74
1 411
1 478
3
3
3
2 234
1 671
1 462
3
1 843
3
1 584
2 222
1 109
1 305
1 330
3
3
1 324
3
3
3
3
1 244
1 195
3
2 212
3
3
2 40
2 241
1 258
3
1 285
2 207
2 221
2 230
1 149
3
3
3
3
3
3
3
1 214
3
1 457
3
3
1 669
3
3
3
3
3
3
1 355
1 579
3
3
3
1 399
2 156
2 189
3
3
3
3
2 223
1 703
1 979
2 159
1 721
2 110
3
3
1 626
3
1 619
1 630
3
3
2 249
2 233
3
3
1 578
2 167
1 727
3
2 75
1 831
3
1 293
3
3
2 265
1 447
1 303
3
1 128
1 572
1 228
2 240
1 47
3
1 546
2 271
1 263
1 217
3
2 172
3
1 275
2 268
3
1 314
2 180
1 458
2 224
3
3
2 72
2 246
1 193
3
3
1 734
1 724
3
2 90
3
2 278
1 166
3
3
1 216
1 722
3
3
3
1 554
3
1 783
3
3
2 281
1 899
2 250
2 282
3
1 108
2 287
3
1 820
1 384
3
1 870
1 468
1 817
2 274
1 264
2 270
1 604
3
1 908
3
2 284
2 245
3
1 181
3
3
3
1 361
3
2 285
2 296
1 732
2 199
1 953
1 758
1 984
3
2 247
3
1 941
3
1 279
3
3
2 273
1 393
1 277
1 235
1 423
1 170
2 275
2 181
2 308
3
3
2 60
1 370
1 764
1 150
1 473
1 631
2 311
3
3
3
1 694
3
1 504
1 743
1 882
3
3
1 349
2 306
3
2 293
2 305
2 227
3
2 301
3
2 168
2 303
1 784
3
3
3
3
3
2 294
2 248
1 196
1 896
1 814
1 309
1 761
3
1 931
2 320
2 217
3
3
3
3
1 960
1 570
3
1 634
1 770
2 267
2 242
2 85
3
1 334
1 79
1 699
2 194
1 106
2 226
2 331
3
1 916
3
1 189
2 324
1 403
2 333
1 620
1 306
2 263
2 335
3
3
3
1 104
1 297
1 890
3
2 339
2 13
1 775
1 575
3
1 906
1 798
1 741
1 52
3
3
1 601
1 566
1 622
3
3
3
2 347
2 340
3
1 331
1 326
2 341
1 551
3
3
1 295
2 354
2 338
1 696
3
3
1 926
2 323
1 17
2 193
1 796
2 144
3
3
1 589
3
1 583
3
3
3
1 742
2 343
3
2 357
3
2 276
3
1 613
1 338
1 945
1 655
1 241
2 297
1 272
2 218
3
2 366
3
1 56
2 368
3
1 49
1 687
3
2 157
3
1 524
3
3
3
3
1 23
1 901
3
3
1 62
1 683
1 463
1 707
3
1 857
1 855
1 276
1 785
3
3
1 767
3
1 65
3
3
3
3
1 121
1 499
3
1 514
2 372
1 802
3
1 923
3
1 641
3
2 130
1 576
3
3
2 252
1 813
3
1 830
1 1000
3
1 144
1 971
1 7
2 396
1 67
3
1 335
1 311
1 251
1 21
3
3
1 956
3
3
2 361
1 185
1 763
2 290
